2000
  4186 29482 70167 49526 66390 75368  5692 40050 13249 39534
 77145 89316 82647 24548 82712 43474 93927 32074 14683 42885
 13305 66748 33120 85845 43634 60059 37133 85063 61003 46789
 92610 48023 22068  7163 75490 82540 59378 52506 50853  2266
 49631   832 51580 74713 83752 29039 96540  2154  1635 41897
 87237 48488   149  9200 90335 13445 38960 88604 78716 83641
  1579 47001 43528 73187 67810 39430 33959 72409 33249   336
 91296 47195 20262 66029  8545 32483 61259 37412 79689 34447
 15810 96459 38643 72581 39459 51959 61531 84858  6139 57005
 22210 23388 90933 74572 78465 58476 21376 15764 83353 30158
 18806  2196 77509  9596  5696  6705 45128 61173 94546 48365
 44172 44822 71939 11021  4276 25139  4376 21076 32233 68511
 43001 69841 33443  7998 40009 52954 37419 92404 53660  3465
 17650 13222 56530 33555 85887  5876 57716 87374 31507 15599
  6407 81548 18524  1809 45055 59567 41268 66579 27968 44536
 68343 18559 86956 21545 11071 22169 94552 37461 97282 19713
 79482  7955 71420 42727 26359 47499 56781 38226 25791 12723
 99214 16173 16913   223 10852 10558 64316 18039 30043 39505
 60627 43414 64074 58030 57333  1935 93507 91596 82294 52024
 15064 30403 21900 33062 83625 13401 88668 89056 48616 51522
 14624 76250  5970 79294 82704 27211 49332 72202 38824 65093
 48986 54725 65438 91865 32823 10088 18061 14980 82503  7269
  9116 25905 62439 23303  7833 38285 30174 53488  6226  9519
 57499 75682 87643 79427 23281 95178 56353 76712 11604  9015
 31011 66854 27020 62641 56719 30884 15038 99933  1102 28064
 71540 43045 53493 95507 60251 52608 80443 66598 57361 57044
 32454 78143 43466 31980 74220 94353 44698  2027 72638 43334
 78549  6549 67172 10983 66357 69588 25520 96670 79328 40110
 50457 68662  4847 64287 26237 50776 47826  8014 71577 75661
 75815 78195 12188 59045 91529 40353 88782 79010 62535 86958
 37405 13377 18360  5142  1292 30639 60568 63443 94968 69684
 45747 52294 74903 69377 19912 97292 67874 54334  6105 30585
 95599 19792 31193  5318 73002  9541 71339 99807 58612 49564
 39721   680 27894 50812 64959 16719 68784 90847 35986  8508
  7022  3382 87700 24964 33166 98978 93611 78003 13905 18184
 42634 37811 72716 55104  1719 32875 99285 38000 82445 70499
 92561 13507 63786 71661 44101  3309 97640  4775 88636  2731
 57966 85491 84873 33512 16840 24295 55834 92066 95366 14218
 66802 44520 28431 82375 59352 73212 72013 45517 96983 54671
 55766 22996 19250 19432 72641   567 27856 68518 84489  6488
  5706 17537 71927  3144 35762 96863 34852 20859 24532 46348
 54644  7858  8077 85731 71649 49272 43923 45766  1258 65709
 48921  6599 86793 61475 57290 68423 58793 45466 15014 92890
 56465 73906 94082 65608  3968 71444 76804  8192 31633 64725
 33771 67190 74861 18111 98681 28830 37847 17925 33273 44246
  7422 29919 51146 23930 77928 62840 48812 28652 21608 48964
 63522 90288 44141 91896  7810 92562 27112 94079 39072 60689
 66909   541 33444  2283 87761 65705  5393 79715 13991 14004
 65778 42057 53719 21087   807 92006 18109  1464  1276 63112
 31366 37249 61023 39920 65440 44026 22459 99806 59951 97469
  7232 63557 85815 91658 70089 73449 55322 56885 33985 67706
 42920 92167 39946 60275 84495 35710 46984 55196 27742    62
 49916 31546    72 39742 94785 80206 44491 84599  9624 61829
 15889 39249 71917 36779  2725 44812 11386 43992 82923 24262
 13342 94815 21563 12162 40448 62051 44765 12212  9925 89088
 88826 58983 44511 58787 79497 66899 66836 18852 44509 62097
 79573 46833 82008 61721  9539 49741 23581   785 88176 73643
 55410 46785 59716 93015 76283 29912 32315 43733 67700  3268
 42156 33084 36110 58877 53925 95903 30082  8987 41453 51450
 16370 48201 81397 18026 90434 63340 19656 88138   343 62076
 27477 41893 56121 44971 38373 54543 70513 59814 30899 40491
 78013 85439 28528 49047 19905 27101 22757 76833 73277 91197
 64420 24636 30692  3566 88721 57589 63858 77208 95984 76093
 90698 23911 95484 46495 41584 96461 66026 80685 12848 94066
 77199 64715 44022  8493 68730 38844 55376 11171 88036 77473
 34479 21959 20930 53945 47884 51869 67328 90698 20613  7552
 50210 82006 76466 28065 52439 58614 22838 35052 62642 24933
 43735   729 23811 51316 77256 74286 53463 48149 53074 60109
 43161 44128 62128 45281 25697 13267   791 17679 57262 57566
 60297 28855  4144 32709 57328 14251 60043 33733 93301 61086
 52739   637 39754 62400 60929 35123 11233 68126 76274 74107
 82438 98580 59003 45478 77984 80405  9809 12909 73474 47009
 18915 15131 61818 17080 18996 66988 44978 54398 46241 83113
 56841 34561 55731 12182 27306 85065 30660 85920 14550 13735
 99169 72335  7023 29018 65557  2909 31639 63943 26505 64331
 97885 74062 53714 94590 56372 20896 78620 91918 49180 34811
 14472 75510 36488 13516 66194 15303  3617 58486 24288 97705
  2776 98613 25869  4814 23919 66522  3502 49277 69789 71329
 10273 29511 81678 64851 70450 50352  9792  7281 60182 17095
 56380 59170 87501 99868 43362 44199  3203 72054 79911 99261
 78684 18919 74273 80740 65309 33049 30654 34091 79872  7522
 63007 21640 20310 69863 79778 80764  7564 74790 25422 84053
 76269 85727 10113 33279  1452 73036 87033 17589 78866 26790
 60261 92025 20219 86395  5684  8477 95307 61496 64488 40748
 17140 63917 72739 97859 44208 87487 50792 66378 22612 51988
 18468 38460 15251 15405 22807 36954 17506 34430 31688 25503
 44739 62037 50917 75820  5439 34937 95630 29625  8260  6349
 69633 80681 47063 41322 66121 85232 93023 71725  2950 32191
 10675 78289  8422 96046 68545 66169 81084 95510 24350 37314
  2695 58241 55286 65454 30492 94981  2477 40572 75496 55818
 73660 10509 73591 23762 50453 84669 88708 62517  1039 74781
 32482 33872 33203 65551 69242 69810 91732 80558 51795 54438
 88513 61152 22075 75022 53157 69653 63744 15823 28994 18418
  7697 34764 64119 87031 22169 81305 24717 17314 86291 21644
 56160  8253 83439 71396 84531 68684 23437 63989 71836 70913
 64206 77509 98516 90598 52140 94065 60234 15240 74538 62802
  4562 89883 14614 95772 71540 91792 92269 91542 30995  4342
 98747 75509 63144  1973 20904 44227 82435 75700 43177 26695
 14133  5601 94572 28949 40212  7387  1217 42107 92745 29014
 95893 97420  4695 32807 38047 43109 88453 67788 39818 17981
 24748  6564 74032 61008 22719 15641 23058 89106 67956 74397
 22773 78078 11878 61691 62024 30017 94514 44856 70984 64927
 38657 21927 68616 92226 37571 45740 75441 26453  7694 70291
 97559 56986 40710 38198 47001 38098 75738 85807 71846 40176
 38232 85733 63605 21685 71137  8611  7319 42057 95835 86879
 13620 83233 85523 83802 57196 53823  9515 25667 94752 81573
 58412 65999  7726 37046 55237 90427 10391 92108 44465 28812
 42541 38886 46722 48006 80863 39582 22826 43209 24231 50986
 63152 65894 14049 47217  2948  5528 79461 55239 23052 18849
 89751 19613 22640 11442 68219 56244 60021 51656 14424 91377
 30961 53067 93424 30614 24837 74523  7745 33872 56107 52616
 20645 30844 44182 10664 73565 77874 37770  2895  9773 98851
 60115 99620  7713 21087 99125 83491 31370 95025 19882  7526
 60767 36774 15011 64764 66152 92144 76466 89205 83510 91441
 26068  1807  1138 26231 39377  3654  5477 29824 26328 81318
 24280 13316 27059 21813 84473 58921 33663 15464 41203 39917
 93228 50478 49335 36059 59804  1258 78009 86979 85676 26470
 42326 90928 52351  4911 71109 97804 95588 84313 84930 20611
 78187 36463  1408 63197 14273  2190 15604 15220 64669 17950
 22243 50451 11864 56528 55481 26585  8483 87755 61807 98616
  5601 28983 79479  1428 62956 56624 76500 11476  6832 78778
 32287 32391 80073 80699 55366 81045 36423 64128 42443 28043
 13659  6227 95691 81685 39495  6470  3307 65235  9155 48872
 45839 55083 94960 93470  8493 62926 52179   194 23426 26643
 25055 64920 51755 15203 87255 15529 18244 58898  9285 77049
 93478 38685 71228 46765 68513 90274 24511 49649 32604   848
 32261 78775 15846  3597 49972 47702 48258  9888 79418 44638
 78343 18729 74273 99291 85942 94026 36297 28234 63522 37827
  4442 59399 92206 51044 35479 80204 94054  1909  6323 21844
 39401 36168 98121 68194 48781 66585  4267   628 27605 54937
 79655 91747 95893 62755 36963 87616 64290 57799 86781 39174
 96829 34541 46085 76269 91454 84874 81778 49723 49139 62404
 62403 34827 42396 24240 36079 58816 56304 35877 14589 25002
 40396 35206 39582 26544  9274 64804 63268 98803 20688 48118
 85650 44651 33681 84695 94855 44330  8295   148 12356 68346
 43375 35861 92781 13541 30698 97942 42768 52301 48839 14689
 36769 51566 79156 21068 89972 10433 91321 35930 80405  9763
 40345 35071 14466 70869 32892 78038 66354 68284 55261 46168
 25139 15310  6433 47014 19807 75362 72206 81367 38794 23370
 55089  1213 11341 65759 64836 75579 49460 64286 64000 55755
 72237 13518 87577 52942 39526 29469 99719 68146 32312 46693
 98493  5915 48316 33422 82388 73852 46101 22324 90046 66540
 10362 57101 85465 22370 25913 61156 47991 92969  6710 86735
 13660 46472 57498 99783 92349 48249 54157 21629 68547 41437
 44525 46242 17774 21106  6323 92398 12026 38820 52612 64593
 71569 46666 70544 64390 41682 14439 48697 67617 44130 23591
 98524  2324 83626 28160 52891  3760 14510 74669 63934 93874
 61054 55495 97922 94451 37310 35413 96347  8343 37427 28361
 53659 74823 78637 18560 14366 69398  1620 59461 53356 90419
 21769  5620 82796 33998  8754 69489 83653 72008 95566 23657
 80857 53746 64427  1716 78567 34088 14660 18276 93970 46073
  4501  7965 71938 27597 35187 57277 29638 65484 27620 51121
 50382 54094  6605 26130 41066 24526  4614 34451 76079 15181
 19029 26776 26429  6720  4965 63015 57643 25579 79624 73308
 17795 31286 27119 75528 88350 83636 87582 29634 37878 38168
 18960 92017 81991 57440 85170 60830 72746  3939  8942  4162
 41397 78064  5483 63988 38126 55467 48413 88017 99098 13418
 52072 49095  5173 20762 58199 77891 66929 33267    41 16693
 11608 51134 37722 92865 76913 98112 12609 88027 30278 67128
 78649 92868 99323 81746 60943 15562 79160 18181 43901 75654
 57200 29341 72081 33954 97245 58043 12109 57875 50481 35233
 82633 29484 88502 18587 18584 21186 12458 41991 11670 15706
  2185 36049 47655 23129 31439 43616 99657 78727 59489 70406
 14373 69570 33655 15488 91225 19179 10767 52321 77093 35596
 52458 45772 73943 78055 40396 81694 26593 53050 79271 85975
  9893 75326  3212 52563 35585 91681 15373 43591 47176 80662
 55356 39985 83100 36002 15464  1766  4023 94232 96349 28140
  9527 58448 34358 27172 23082 74162 62621 57992 23389 58458
 27787 34998 41513 54020 95543 45848  8128 28902 79398 70835
 65768 18262 85324 52233 37557 20814 80933 96721 48258 24794
 64395 83967 43756   291 98711 91167 20342 19645 10381 16214
 73740 71980 83943 84698 42824 39604 62595 70342  2940 32874
 26684 38000 96585 74945 61435 45303 81269 98574 95493 30776
  7868 10693 35686 74713  4073 29182 15043 25892 66178 13081
 67461 48763 84076 22246 13353  2530 48966 86260 96193 12922
 93070 83149  4663 46236  2176  3233 45013 13512 97404 70444
 91345 49043 89747 82705 93296 74111 11730 61689 82014 61351
 93701 50268 50473  9171 31824 62504 36333 56178 80478 53762
 29252 57376 14533 26142 85401 78193 81272 93232 12114 97161
 12591 46456 74796  2472  7316 21444 18479 62174 99352  2213
 53830 31305  1700 18738 24570 78136 75919 12279 54498 56976
 68418 50381 78329 71223  4142 16141 55323 30995 94982  1738
 86923 16219 22387 16493 82922 37517 11048 52323 43144  1333
 63866 99037 45013 92818 91810 59645  5514 93749 87686 62202
 25242 11581  9934   329   218 17776  5572 87337 75514 68928
 78665  8915 93220 69750 42616 80972  9612 55607 21760 98929
 83315 98066 86202 22253 98943 92107 12656 25610 39516 97307
 81565 66353 48425 20948 57302 35592 14276 26837   115 37581
 32234  6316 18820 22588 95077 34819 49613 64634 27557 71266
 19615 77198 26956 40767 10502 39639 43716 11658 99624 48624
 49323 80251 47036 57236 40978 70592 55612 24253 65285 35034
 92241 95018 24644 66668 65714 32379 39594 19780 18163  1830
 41396 18371 26131 59216 16194 75252  8395 75829 74783 24334
 83966 71278 77397  8904 37285 83771 45439 11877 68338  6675
 15328 27379  7377 74085 90812 32843 94756 98156 97127 46102
  3400 43619 45883 12268 71399 48022 70800 10972 21687 99701
 68422 43137 75340 23646 61200 27806   719 59128 26794 28297
 40906 57990 78479 85234 19282 76130 16417 87847 82315   822
 41063 27325 48727 61805 59221 97358 35647 32168 41064  5649
 49355 57439 49616 81148 63045 54906 10672 52242 44760 52547
